Математика. Базовый уровень
1-21 1

Математика. Профильный уровень
1-12 1
13 2
14 3
15-16 2
17 3
18-19 4

Русский язык
1-7 1
8 2
9-21 1
22 2
23-26 1
27 22

Информатика и ИКТ
1-25 1
26-27 2

Литература
1-3 1
4 4
5 8
6-8 1
9 4
10 8
11 18

История
1 2
2 1
3 2
4 3
5-7 2
8-11 1
12-16 2
17-18 3
19 2
20-21 3

Обществознание
1 1
2 2
3 1
4-8 2
9 1
10-11 2
12 1
13-18 2
19-21 3
22 4
23 3
24 4
25 6

Английский язык
1 2
2 3
3-9 1
10 3
11 2
12-36 1
37 6
38 14
39 1
40 4
41 5
42 10

Немецкий язык
1 2
2 3
3-9 1
10 3
11 2
12-36 1
37 6
38 14
39 1
40 4
41 5
42 10

Французский язык
1 2
2 3
3-9 1
10 3
11 2
12-36 1
37 6
38 14
39 1
40 4
41 5
42 10

Испанский язык
1 2
2 3
3-9 1
10 3
11 2
12-36 1
37 6
38 14
39 1
40 4
41 5
42 10

Китайский язык
1 6
2-9 1
10 6
11 4
12-27 1
28 8
29 12
30 5
31 7
32 8

Химия
1-5 1
6-8 2
9-13 1
14-15 2
16-21 1
22-24 2
25-28 1
29-30 2
31 4
32 5
33 3
34 4

Биология
1 1
2 2
3-5 1
6-8 2
9 1
10-12 2
13 1
14-21 2
22-28 3

Физика
1-4 1
5-6 2
7-8 1
9-10 2
11-13 1
14-15 2
16 1
17-18 2
19-20 1
21 3
22-23 2
24-25 3
26 4

География
1-4 1
5 2
6-11 1
12 2
13-23 1
24-28 2
29 3
